18 0.856667 0.163333 0.086667 0.228889
13 0.027500 0.602222 0.055000 0.062222
13 0.028333 0.268889 0.053333 0.062222
13 0.027500 0.767778 0.055000 0.060000
13 0.026667 0.436667 0.053333 0.060000
12 0.698333 0.505556 0.030000 0.042222
11 0.065000 0.050000 0.040000 0.042222
11 0.830000 0.412222 0.093333 0.104444
9 0.717500 0.063333 0.031667 0.064444
8 0.653333 0.062222 0.030000 0.066667
7 0.589167 0.065556 0.048333 0.042222
6 0.526667 0.060000 0.036667 0.062222
6 0.602500 0.698889 0.075000 0.117778
5 0.398333 0.061111 0.036667 0.055556
4 0.103333 0.535556 0.073333 0.115556
4 0.200833 0.866667 0.075000 0.111111
4 0.462500 0.067778 0.038333 0.051111
3 0.333333 0.063333 0.043333 0.060000
3 0.408333 0.207778 0.073333 0.108889
3 0.305833 0.372222 0.078333 0.113333
3 0.202500 0.533333 0.078333 0.115556
3 0.300833 0.203333 0.075000 0.117778
3 0.202500 0.204444 0.075000 0.115556
3 0.303333 0.702222 0.076667 0.115556
3 0.407500 0.871111 0.075000 0.115556
3 0.400833 0.702222 0.075000 0.115556
2 0.269167 0.060000 0.035000 0.057778
1 0.205833 0.066667 0.041667 0.048889
1 0.201667 0.706667 0.080000 0.111111
0 0.142500 0.063333 0.048333 0.055556
13 0.028333 0.936667 0.053333 0.064444
3 0.395000 0.373333 0.076667 0.102222
4 0.106667 0.701111 0.076667 0.113333
15 0.803333 0.060000 0.066667 0.102222
11 0.063333 0.074444 0.086667 0.086667
