6 0.603333 0.694444 0.073333 0.108889
5 0.501667 0.363333 0.086667 0.135556
4 0.101667 0.373333 0.076667 0.106667
4 0.205833 0.868889 0.075000 0.115556
3 0.300833 0.204444 0.075000 0.115556
4 0.201667 0.373333 0.076667 0.106667
4 0.102500 0.701111 0.075000 0.113333
3 0.302500 0.701111 0.075000 0.117778
6 0.502500 0.202222 0.075000 0.106667
3 0.397500 0.372222 0.075000 0.104444
4 0.100833 0.542222 0.075000 0.097778
3 0.297500 0.370000 0.075000 0.113333
4 0.300833 0.875556 0.075000 0.097778
3 0.195833 0.543333 0.075000 0.104444
3 0.398333 0.538889 0.076667 0.108889
3 0.200000 0.202222 0.076667 0.115556
12 0.958333 0.673333 0.030000 0.040000
3 0.409167 0.708889 0.078333 0.106667
1 0.208333 0.708889 0.080000 0.111111
12 0.190833 0.175556 0.031667 0.040000
3 0.396667 0.205556 0.073333 0.104444
4 0.100833 0.212222 0.078333 0.095556
0 0.141667 0.063333 0.050000 0.055556
9 0.598333 0.337778 0.100000 0.195556
6 0.526667 0.061111 0.036667 0.060000
9 0.598333 0.837778 0.096667 0.186667
13 0.027500 0.603333 0.051667 0.060000
13 0.028333 0.271111 0.053333 0.062222
13 0.028333 0.770000 0.053333 0.064444
2 0.269167 0.058889 0.035000 0.055556
10 0.761667 0.176667 0.100000 0.193333
1 0.205833 0.066667 0.041667 0.053333
9 0.718333 0.061111 0.033333 0.064444
11 0.063333 0.055556 0.043333 0.053333
7 0.589167 0.063333 0.048333 0.042222
8 0.652500 0.062222 0.028333 0.066667
5 0.396667 0.061111 0.036667 0.055556
7 0.503333 0.242222 0.116667 0.071111
4 0.462500 0.066667 0.038333 0.048889
3 0.334167 0.062222 0.038333 0.057778
13 0.028333 0.937778 0.053333 0.062222
15 0.804167 0.062222 0.071667 0.102222
11 0.389167 0.634444 0.061667 0.077778
14 0.675000 0.752222 0.203333 0.046667
13 0.027500 0.435556 0.055000 0.062222
