11 0.286667 0.110000 0.086667 0.108889
3 0.305833 0.366667 0.075000 0.120000
3 0.400000 0.367778 0.080000 0.117778
6 0.601667 0.700000 0.073333 0.111111
10 0.957500 0.515556 0.085000 0.191111
18 0.975833 0.160000 0.055000 0.231111
15 0.805000 0.060000 0.070000 0.097778
9 0.718333 0.062222 0.033333 0.062222
8 0.652500 0.061111 0.028333 0.064444
7 0.589167 0.062222 0.048333 0.040000
3 0.304167 0.201111 0.075000 0.113333
3 0.200833 0.202222 0.075000 0.115556
3 0.400833 0.700000 0.071667 0.115556
3 0.402500 0.868889 0.075000 0.115556
3 0.309167 0.706667 0.075000 0.106667
1 0.200833 0.700000 0.078333 0.115556
4 0.210000 0.874444 0.076667 0.100000
4 0.101667 0.703333 0.076667 0.104444
3 0.200000 0.533333 0.073333 0.111111
12 0.198333 0.513333 0.030000 0.035556
4 0.101667 0.537778 0.073333 0.106667
13 0.028333 0.271111 0.053333 0.062222
13 0.027500 0.433333 0.051667 0.057778
13 0.027500 0.601111 0.051667 0.060000
13 0.028333 0.770000 0.053333 0.064444
13 0.026667 0.934444 0.050000 0.060000
6 0.525833 0.061111 0.038333 0.060000
4 0.462500 0.067778 0.038333 0.051111
5 0.397500 0.058889 0.035000 0.055556
3 0.333333 0.061111 0.036667 0.055556
2 0.267500 0.058889 0.031667 0.051111
1 0.205833 0.064444 0.038333 0.048889
0 0.142500 0.062222 0.045000 0.048889
11 0.064167 0.055556 0.041667 0.053333
