4 0.307500 0.868889 0.078333 0.111111
3 0.305000 0.370000 0.076667 0.117778
13 0.028333 0.934444 0.053333 0.064444
13 0.028333 0.603333 0.053333 0.064444
4 0.207500 0.870000 0.075000 0.108889
3 0.407500 0.538889 0.075000 0.113333
13 0.028333 0.435556 0.053333 0.062222
13 0.029167 0.768889 0.051667 0.062222
3 0.406667 0.706667 0.073333 0.111111
4 0.107500 0.702222 0.078333 0.111111
4 0.101667 0.542222 0.076667 0.106667
3 0.333333 0.063333 0.040000 0.060000
6 0.604167 0.694444 0.071667 0.113333
5 0.396667 0.058889 0.033333 0.055556
4 0.462500 0.066667 0.038333 0.048889
4 0.201667 0.373333 0.076667 0.106667
4 0.103333 0.367778 0.076667 0.113333
12 0.658333 0.505556 0.030000 0.042222
3 0.200833 0.534444 0.075000 0.117778
12 0.353333 0.677778 0.030000 0.040000
3 0.300000 0.702222 0.076667 0.120000
2 0.501667 0.866667 0.086667 0.124444
1 0.207500 0.706667 0.081667 0.106667
6 0.526667 0.060000 0.040000 0.062222
3 0.499167 0.535556 0.075000 0.115556
3 0.401667 0.366667 0.076667 0.115556
1 0.304167 0.536667 0.081667 0.113333
2 0.270000 0.058889 0.033333 0.055556
8 0.652500 0.061111 0.028333 0.064444
0 0.371667 0.862222 0.130000 0.120000
9 0.718333 0.062222 0.033333 0.066667
1 0.205833 0.067778 0.041667 0.051111
6 0.200833 0.191111 0.071667 0.097778
7 0.500833 0.394444 0.108333 0.100000
0 0.143333 0.063333 0.046667 0.055556
9 0.600833 0.337778 0.095000 0.191111
15 0.805000 0.061111 0.070000 0.104444
9 0.600833 0.840000 0.098333 0.191111
12 0.614167 0.671111 0.031667 0.040000
7 0.200833 0.237778 0.111667 0.080000
1 0.100000 0.867778 0.080000 0.113333
11 0.071667 0.078889 0.086667 0.108889
14 0.562500 0.554444 0.085000 0.104444
2 0.502500 0.354444 0.058333 0.126667
7 0.590000 0.064444 0.050000 0.044444
7 0.403333 0.232222 0.113333 0.095556
4 0.401667 0.201111 0.076667 0.108889
12 0.615000 0.671111 0.030000 0.040000
0 0.271667 0.187778 0.130000 0.135556
17 0.695833 0.597778 0.058333 0.084444
