18 0.674167 0.834444 0.085000 0.211111
15 0.806667 0.062222 0.070000 0.097778
13 0.027500 0.603333 0.055000 0.060000
13 0.027500 0.935556 0.055000 0.062222
13 0.027500 0.435556 0.051667 0.057778
13 0.026667 0.270000 0.056667 0.064444
12 0.481667 0.847778 0.030000 0.037778
12 0.469167 0.172222 0.028333 0.037778
12 0.402500 0.341111 0.028333 0.037778
9 0.718333 0.061111 0.033333 0.064444
8 0.653333 0.061111 0.030000 0.064444
7 0.589167 0.064444 0.048333 0.040000
6 0.501667 0.201111 0.076667 0.108889
6 0.604167 0.698889 0.071667 0.117778
5 0.501667 0.366667 0.086667 0.128889
4 0.103333 0.201111 0.076667 0.113333
4 0.105000 0.368889 0.076667 0.115556
4 0.207500 0.867778 0.078333 0.113333
4 0.102500 0.703333 0.075000 0.113333
4 0.105000 0.534444 0.073333 0.108889
3 0.397500 0.873333 0.078333 0.106667
3 0.400833 0.202222 0.075000 0.120000
3 0.298333 0.203333 0.076667 0.113333
3 0.200833 0.201111 0.075000 0.117778
3 0.401667 0.367778 0.076667 0.117778
3 0.335000 0.063333 0.040000 0.055556
3 0.304167 0.701111 0.075000 0.113333
3 0.402500 0.701111 0.075000 0.117778
3 0.210000 0.538889 0.076667 0.104444
1 0.198333 0.710000 0.083333 0.100000
1 0.205000 0.065556 0.040000 0.051111
0 0.142500 0.063333 0.045000 0.055556
2 0.269167 0.060000 0.035000 0.057778
5 0.396667 0.058889 0.036667 0.055556
4 0.462500 0.066667 0.038333 0.048889
6 0.526667 0.060000 0.040000 0.062222
10 0.556667 0.171111 0.083333 0.177778
9 0.601667 0.336667 0.093333 0.193333
10 0.790833 0.342222 0.091667 0.191111
3 0.306667 0.367778 0.063333 0.113333
13 0.027500 0.770000 0.055000 0.060000
11 0.073333 0.088889 0.083333 0.106667
