18 0.843333 0.327778 0.090000 0.233333
13 0.028333 0.936667 0.053333 0.060000
13 0.027500 0.268889 0.055000 0.062222
13 0.026667 0.771111 0.053333 0.062222
13 0.028333 0.602222 0.053333 0.062222
13 0.027500 0.435556 0.055000 0.062222
11 0.061667 0.055556 0.046667 0.053333
9 0.718333 0.061111 0.033333 0.064444
7 0.589167 0.064444 0.048333 0.044444
6 0.526667 0.061111 0.036667 0.060000
6 0.603333 0.701111 0.073333 0.113333
5 0.600000 0.363333 0.083333 0.135556
5 0.397500 0.060000 0.038333 0.057778
4 0.100833 0.710000 0.075000 0.100000
4 0.462500 0.065556 0.038333 0.051111
4 0.205000 0.865556 0.076667 0.108889
3 0.398333 0.703333 0.076667 0.108889
3 0.200000 0.205556 0.076667 0.108889
3 0.300833 0.371111 0.075000 0.111111
3 0.201667 0.534444 0.076667 0.117778
3 0.300833 0.700000 0.078333 0.115556
3 0.401667 0.867778 0.073333 0.122222
2 0.270000 0.058889 0.033333 0.055556
1 0.205833 0.065556 0.041667 0.051111
1 0.200000 0.710000 0.080000 0.104444
0 0.141667 0.064444 0.046667 0.053333
8 0.653333 0.062222 0.030000 0.066667
