11 0.061667 0.052222 0.046667 0.055556
0 0.141667 0.060000 0.046667 0.053333
1 0.205000 0.065556 0.040000 0.046667
2 0.268333 0.062222 0.033333 0.053333
3 0.334167 0.060000 0.038333 0.062222
5 0.396667 0.057778 0.036667 0.053333
4 0.461667 0.064444 0.036667 0.053333
6 0.526667 0.056667 0.036667 0.055556
8 0.651667 0.060000 0.030000 0.066667
4 0.098333 0.210000 0.076667 0.095556
3 0.202500 0.203333 0.071667 0.108889
3 0.297500 0.203333 0.071667 0.104444
3 0.404167 0.197778 0.071667 0.115556
12 0.407500 0.172222 0.028333 0.033333
6 0.502500 0.201111 0.071667 0.108889
9 0.620000 0.422222 0.093333 0.195556
6 0.603333 0.700000 0.073333 0.115556
10 0.985833 0.320000 0.025000 0.151111
12 0.479167 0.838889 0.028333 0.042222
3 0.401667 0.870000 0.076667 0.131111
3 0.402500 0.698889 0.071667 0.113333
3 0.300000 0.701111 0.076667 0.126667
3 0.300000 0.366667 0.076667 0.111111
3 0.397500 0.366667 0.075000 0.115556
3 0.203333 0.536667 0.073333 0.113333
4 0.102500 0.533333 0.078333 0.115556
4 0.104167 0.702222 0.075000 0.115556
1 0.206667 0.703333 0.080000 0.113333
4 0.201667 0.870000 0.073333 0.113333
13 0.026667 0.933333 0.053333 0.062222
13 0.026667 0.771111 0.050000 0.057778
13 0.026667 0.601111 0.053333 0.060000
13 0.027500 0.434444 0.051667 0.060000
13 0.028333 0.266667 0.050000 0.057778
9 0.720000 0.062222 0.033333 0.062222
15 0.805000 0.061111 0.073333 0.095556
18 0.969167 0.827778 0.061667 0.233333
18 0.560000 0.162222 0.090000 0.226667
