10 0.879167 0.675556 0.078333 0.195556
12 0.752500 0.671111 0.028333 0.035556
6 0.600833 0.695556 0.071667 0.111111
4 0.108333 0.204444 0.076667 0.102222
12 0.449167 0.674444 0.028333 0.037778
12 0.475000 0.507778 0.030000 0.037778
3 0.506667 0.534444 0.070000 0.113333
3 0.400833 0.700000 0.071667 0.111111
0 0.368333 0.858889 0.126667 0.122222
2 0.500000 0.863333 0.086667 0.122222
2 0.505000 0.361111 0.053333 0.122222
7 0.501667 0.398889 0.120000 0.095556
10 0.780833 0.511111 0.088333 0.186667
16 0.778333 0.160000 0.086667 0.226667
9 0.600000 0.338889 0.096667 0.188889
9 0.599167 0.836667 0.098333 0.188889
3 0.309167 0.705556 0.075000 0.100000
1 0.301667 0.535556 0.083333 0.106667
4 0.302500 0.865556 0.071667 0.113333
4 0.205833 0.868889 0.075000 0.106667
1 0.098333 0.871111 0.080000 0.102222
12 0.261667 0.675556 0.030000 0.035556
1 0.200000 0.703333 0.083333 0.104444
4 0.109167 0.703333 0.075000 0.108889
4 0.101667 0.535556 0.076667 0.106667
3 0.400000 0.535556 0.073333 0.111111
12 0.365000 0.505556 0.030000 0.037778
3 0.200000 0.535556 0.076667 0.115556
12 0.218333 0.503333 0.026667 0.037778
4 0.108333 0.371111 0.076667 0.111111
4 0.201667 0.367778 0.073333 0.113333
3 0.300833 0.367778 0.075000 0.117778
3 0.399167 0.366667 0.075000 0.115556
10 0.561667 0.176667 0.063333 0.197778
18 0.530000 0.120000 0.053333 0.155556
6 0.500000 0.203333 0.070000 0.104444
3 0.200000 0.201111 0.073333 0.117778
3 0.299167 0.202222 0.075000 0.111111
12 0.351667 0.173333 0.030000 0.040000
3 0.398333 0.205556 0.073333 0.104444
13 0.026667 0.265556 0.053333 0.060000
13 0.025833 0.432222 0.051667 0.060000
13 0.025833 0.601111 0.051667 0.060000
13 0.025833 0.768889 0.051667 0.062222
13 0.025833 0.933333 0.051667 0.062222
9 0.718333 0.061111 0.033333 0.064444
8 0.652500 0.060000 0.028333 0.062222
7 0.590000 0.063333 0.046667 0.042222
6 0.525833 0.057778 0.035000 0.057778
4 0.460833 0.065556 0.038333 0.046667
11 0.060833 0.054444 0.041667 0.055556
0 0.140833 0.061111 0.048333 0.051111
1 0.205833 0.064444 0.038333 0.048889
2 0.269167 0.057778 0.031667 0.053333
3 0.333333 0.061111 0.040000 0.055556
5 0.395833 0.060000 0.035000 0.053333
15 0.813333 0.058889 0.056667 0.095556
