12 0.457500 0.510000 0.028333 0.042222
12 0.353333 0.508889 0.030000 0.040000
12 0.325000 0.506667 0.026667 0.040000
12 0.257500 0.672222 0.028333 0.037778
12 0.366667 0.676667 0.030000 0.037778
11 0.060833 0.051111 0.045000 0.057778
10 0.593333 0.510000 0.066667 0.188889
9 0.717500 0.061111 0.031667 0.064444
8 0.652500 0.061111 0.028333 0.064444
7 0.401667 0.232222 0.120000 0.095556
7 0.202500 0.244444 0.118333 0.075556
6 0.526667 0.058889 0.036667 0.060000
5 0.396667 0.061111 0.036667 0.055556
4 0.208333 0.368889 0.080000 0.111111
4 0.462500 0.067778 0.038333 0.051111
4 0.304167 0.867778 0.075000 0.113333
3 0.334167 0.063333 0.041667 0.060000
3 0.298333 0.706667 0.073333 0.111111
2 0.498333 0.354444 0.060000 0.140000
2 0.270000 0.057778 0.033333 0.057778
1 0.099167 0.870000 0.081667 0.108889
1 0.205833 0.067778 0.041667 0.051111
1 0.203333 0.706667 0.086667 0.111111
0 0.142500 0.063333 0.048333 0.055556
0 0.273333 0.190000 0.130000 0.131111
7 0.589167 0.063333 0.048333 0.042222
15 0.805000 0.061111 0.070000 0.100000
13 0.027500 0.435556 0.051667 0.062222
13 0.027500 0.602222 0.051667 0.057778
13 0.028333 0.768889 0.050000 0.057778
13 0.028333 0.936667 0.050000 0.060000
4 0.201667 0.870000 0.076667 0.113333
4 0.100833 0.702222 0.071667 0.115556
3 0.408333 0.704444 0.073333 0.106667
0 0.369167 0.853333 0.131667 0.133333
2 0.502500 0.861111 0.081667 0.135556
14 0.600833 0.755556 0.188333 0.040000
10 0.664167 0.680000 0.101667 0.182222
9 0.600000 0.837778 0.096667 0.191111
4 0.110833 0.542222 0.078333 0.102222
3 0.206667 0.540000 0.076667 0.102222
1 0.294167 0.537778 0.071667 0.102222
3 0.405833 0.535556 0.075000 0.111111
3 0.498333 0.541111 0.070000 0.100000
9 0.600000 0.336667 0.096667 0.188889
7 0.500833 0.397778 0.108333 0.097778
3 0.306667 0.370000 0.076667 0.108889
3 0.396667 0.372222 0.076667 0.104444
6 0.603333 0.686667 0.073333 0.097778
4 0.109167 0.370000 0.075000 0.108889
6 0.202500 0.191111 0.071667 0.097778
