3 0.305833 0.701111 0.075000 0.117778
4 0.101667 0.705556 0.076667 0.113333
6 0.604167 0.697778 0.071667 0.106667
3 0.404167 0.536667 0.075000 0.117778
4 0.110833 0.542222 0.078333 0.106667
4 0.202500 0.374444 0.075000 0.108889
4 0.210833 0.874444 0.075000 0.108889
3 0.405000 0.368889 0.073333 0.115556
1 0.203333 0.702222 0.076667 0.115556
4 0.103333 0.367778 0.076667 0.113333
2 0.505000 0.357778 0.063333 0.133333
4 0.311667 0.876667 0.076667 0.104444
3 0.510000 0.540000 0.076667 0.106667
3 0.200833 0.535556 0.075000 0.120000
2 0.500833 0.864444 0.085000 0.128889
1 0.300000 0.536667 0.076667 0.113333
3 0.408333 0.705556 0.076667 0.117778
3 0.297500 0.372222 0.075000 0.104444
1 0.100000 0.874444 0.076667 0.095556
12 0.758333 0.508889 0.030000 0.040000
12 0.871667 0.514444 0.030000 0.042222
9 0.600833 0.340000 0.098333 0.191111
6 0.526667 0.057778 0.036667 0.053333
5 0.395833 0.061111 0.035000 0.055556
2 0.269167 0.058889 0.035000 0.055556
7 0.501667 0.400000 0.120000 0.093333
10 0.545000 0.177778 0.080000 0.195556
3 0.333333 0.063333 0.040000 0.060000
13 0.028333 0.604444 0.053333 0.062222
0 0.142500 0.063333 0.048333 0.055556
13 0.028333 0.435556 0.053333 0.062222
18 0.692500 0.156667 0.078333 0.237778
1 0.205833 0.067778 0.041667 0.051111
7 0.589167 0.065556 0.048333 0.042222
9 0.600833 0.836667 0.098333 0.193333
13 0.028333 0.768889 0.053333 0.062222
13 0.029167 0.268889 0.051667 0.062222
8 0.651667 0.061111 0.026667 0.064444
9 0.718333 0.062222 0.033333 0.066667
10 0.083333 0.176667 0.076667 0.202222
0 0.372500 0.848889 0.128333 0.146667
4 0.462500 0.066667 0.038333 0.048889
15 0.805000 0.061111 0.070000 0.100000
13 0.028333 0.937778 0.053333 0.062222
14 0.701667 0.555556 0.153333 0.102222
11 0.062500 0.050000 0.045000 0.046667
18 0.050000 0.156667 0.050000 0.228889
