3 0.199167 0.203333 0.078333 0.113333
3 0.306667 0.701111 0.073333 0.117778
4 0.102500 0.372222 0.075000 0.104444
4 0.103333 0.206667 0.080000 0.106667
3 0.404167 0.203333 0.075000 0.113333
4 0.305833 0.870000 0.075000 0.113333
4 0.200833 0.873333 0.075000 0.102222
2 0.502500 0.860000 0.085000 0.137778
4 0.107500 0.537778 0.075000 0.115556
4 0.101667 0.708889 0.076667 0.102222
6 0.602500 0.697778 0.075000 0.111111
3 0.298333 0.206667 0.073333 0.102222
3 0.198333 0.536667 0.076667 0.113333
4 0.203333 0.368889 0.070000 0.115556
3 0.500000 0.536667 0.076667 0.117778
1 0.100000 0.872222 0.080000 0.108889
1 0.200000 0.706667 0.080000 0.106667
12 0.275833 0.671111 0.031667 0.040000
3 0.395833 0.707778 0.075000 0.104444
3 0.398333 0.371111 0.076667 0.111111
3 0.308333 0.373333 0.076667 0.111111
9 0.718333 0.062222 0.033333 0.066667
3 0.408333 0.538889 0.076667 0.113333
10 0.843333 0.178889 0.090000 0.188889
12 0.180000 0.171111 0.030000 0.040000
1 0.298333 0.544444 0.080000 0.102222
6 0.525833 0.060000 0.038333 0.062222
12 0.486667 0.677778 0.030000 0.040000
6 0.504167 0.201111 0.075000 0.095556
12 0.745000 0.344444 0.030000 0.040000
9 0.599167 0.338889 0.098333 0.188889
0 0.141667 0.063333 0.046667 0.055556
9 0.600000 0.838889 0.100000 0.188889
12 0.258333 0.337778 0.030000 0.040000
12 0.883333 0.673333 0.030000 0.040000
3 0.335000 0.063333 0.040000 0.060000
5 0.396667 0.058889 0.033333 0.055556
10 0.815000 0.346667 0.103333 0.195556
11 0.168333 0.275556 0.080000 0.106667
13 0.027500 0.436667 0.055000 0.064444
13 0.027500 0.603333 0.055000 0.060000
10 0.593333 0.177778 0.096667 0.191111
13 0.028333 0.270000 0.053333 0.060000
2 0.270000 0.057778 0.033333 0.057778
1 0.205833 0.067778 0.041667 0.051111
13 0.028333 0.768889 0.053333 0.062222
11 0.063333 0.055556 0.043333 0.057778
8 0.653333 0.061111 0.030000 0.064444
0 0.372500 0.851111 0.131667 0.137778
4 0.462500 0.067778 0.038333 0.051111
7 0.501667 0.241111 0.116667 0.077778
7 0.590000 0.064444 0.046667 0.044444
15 0.805000 0.061111 0.073333 0.104444
13 0.028333 0.935556 0.053333 0.062222
11 0.271667 0.218889 0.083333 0.122222
10 0.984167 0.660000 0.031667 0.173333
