13 0.027500 0.602222 0.055000 0.062222
13 0.028333 0.936667 0.053333 0.064444
13 0.027500 0.435556 0.055000 0.062222
13 0.026667 0.270000 0.056667 0.064444
12 0.795833 0.671111 0.031667 0.040000
12 0.377500 0.847778 0.031667 0.042222
12 0.615833 0.673333 0.031667 0.040000
11 0.064167 0.061111 0.048333 0.073333
10 0.971667 0.494444 0.053333 0.175556
10 0.972500 0.178889 0.061667 0.193333
9 0.718333 0.061111 0.033333 0.064444
8 0.651667 0.062222 0.030000 0.066667
7 0.589167 0.064444 0.048333 0.040000
6 0.500833 0.204444 0.075000 0.106667
7 0.501667 0.241111 0.116667 0.077778
5 0.502500 0.365556 0.088333 0.126667
4 0.204167 0.368889 0.075000 0.115556
4 0.110833 0.374444 0.078333 0.104444
4 0.104167 0.204444 0.075000 0.115556
4 0.107500 0.541111 0.081667 0.108889
4 0.200833 0.873333 0.075000 0.097778
4 0.301667 0.874444 0.080000 0.100000
4 0.102500 0.702222 0.071667 0.115556
3 0.300833 0.202222 0.075000 0.115556
3 0.210000 0.210000 0.073333 0.104444
3 0.335000 0.062222 0.040000 0.057778
3 0.410000 0.542222 0.073333 0.102222
3 0.306667 0.704444 0.076667 0.111111
3 0.406667 0.704444 0.076667 0.115556
2 0.500833 0.864444 0.085000 0.124444
1 0.202500 0.702222 0.078333 0.111111
1 0.205833 0.066667 0.041667 0.053333
0 0.142500 0.064444 0.048333 0.053333
13 0.026667 0.770000 0.053333 0.064444
6 0.602500 0.700000 0.075000 0.111111
12 0.697500 0.673333 0.031667 0.040000
12 0.753333 0.506667 0.030000 0.040000
9 0.601667 0.837778 0.093333 0.186667
10 0.981667 0.827778 0.033333 0.153333
10 0.985833 0.661111 0.025000 0.148889
10 0.946667 0.676667 0.053333 0.197778
10 0.893333 0.342222 0.093333 0.191111
15 0.802500 0.062222 0.068333 0.097778
6 0.527500 0.061111 0.038333 0.060000
4 0.461667 0.067778 0.036667 0.046667
5 0.397500 0.062222 0.035000 0.057778
2 0.269167 0.060000 0.035000 0.057778
3 0.196667 0.537778 0.073333 0.115556
3 0.300000 0.366667 0.076667 0.120000
3 0.506667 0.532222 0.073333 0.113333
9 0.601667 0.336667 0.093333 0.193333
3 0.400833 0.202222 0.075000 0.115556
12 0.384167 0.172222 0.028333 0.037778
3 0.395833 0.371111 0.075000 0.102222
12 0.423333 0.345556 0.030000 0.037778
