5 0.502500 0.361111 0.085000 0.135556
3 0.407500 0.702222 0.075000 0.115556
13 0.026667 0.936667 0.053333 0.064444
13 0.028333 0.603333 0.053333 0.064444
13 0.028333 0.270000 0.053333 0.064444
4 0.107500 0.201111 0.078333 0.113333
13 0.028333 0.434444 0.053333 0.060000
13 0.027500 0.770000 0.051667 0.064444
6 0.603333 0.697778 0.073333 0.115556
3 0.399167 0.203333 0.075000 0.113333
6 0.500833 0.201111 0.071667 0.108889
4 0.204167 0.867778 0.078333 0.113333
4 0.110000 0.704444 0.076667 0.106667
4 0.211667 0.374444 0.076667 0.104444
4 0.104167 0.534444 0.075000 0.113333
12 0.275833 0.678889 0.028333 0.037778
12 0.752500 0.675556 0.028333 0.040000
12 0.925833 0.508889 0.031667 0.040000
3 0.299167 0.371111 0.075000 0.115556
4 0.462500 0.067778 0.038333 0.051111
4 0.103333 0.367778 0.076667 0.113333
3 0.195833 0.540000 0.075000 0.102222
3 0.408333 0.872222 0.073333 0.108889
12 0.857500 0.672222 0.031667 0.042222
3 0.199167 0.201111 0.075000 0.113333
1 0.200000 0.708889 0.080000 0.106667
12 0.335833 0.510000 0.031667 0.042222
5 0.396667 0.061111 0.036667 0.055556
6 0.527500 0.061111 0.038333 0.060000
3 0.296667 0.705556 0.076667 0.108889
3 0.399167 0.367778 0.075000 0.113333
0 0.142500 0.064444 0.048333 0.053333
3 0.334167 0.062222 0.041667 0.057778
2 0.270000 0.057778 0.033333 0.057778
12 0.647500 0.672222 0.031667 0.042222
4 0.302500 0.870000 0.078333 0.108889
9 0.717500 0.063333 0.031667 0.064444
8 0.653333 0.062222 0.030000 0.066667
9 0.600000 0.338889 0.100000 0.188889
10 0.969167 0.506667 0.061667 0.186667
15 0.804167 0.062222 0.071667 0.102222
1 0.205833 0.067778 0.041667 0.051111
3 0.304167 0.201111 0.075000 0.113333
10 0.957500 0.678889 0.081667 0.184444
7 0.590000 0.063333 0.046667 0.042222
10 0.460833 0.850000 0.091667 0.188889
10 0.969167 0.176667 0.058333 0.202222
11 0.063333 0.056667 0.043333 0.060000
12 0.276667 0.680000 0.030000 0.040000
11 0.295000 0.244444 0.090000 0.120000
12 0.925000 0.510000 0.030000 0.042222
14 0.553333 0.188889 0.096667 0.124444
17 0.544167 0.266667 0.051667 0.071111
