12 0.831667 0.508889 0.030000 0.040000
12 0.860000 0.505556 0.030000 0.042222
12 0.285000 0.505556 0.030000 0.037778
12 0.276667 0.170000 0.030000 0.037778
12 0.445833 0.674444 0.028333 0.037778
12 0.334167 0.341111 0.031667 0.037778
12 0.732500 0.671111 0.028333 0.040000
11 0.060833 0.051111 0.045000 0.057778
10 0.943333 0.507778 0.070000 0.184444
10 0.955833 0.671111 0.081667 0.186667
10 0.687500 0.346667 0.081667 0.200000
9 0.717500 0.061111 0.031667 0.064444
8 0.652500 0.062222 0.028333 0.066667
6 0.526667 0.060000 0.036667 0.062222
6 0.501667 0.197778 0.076667 0.088889
5 0.397500 0.058889 0.035000 0.055556
4 0.105000 0.366667 0.073333 0.115556
4 0.462500 0.065556 0.038333 0.051111
4 0.100833 0.211111 0.078333 0.097778
4 0.304167 0.867778 0.075000 0.117778
3 0.506667 0.536667 0.076667 0.113333
3 0.334167 0.063333 0.041667 0.060000
3 0.302500 0.202222 0.071667 0.115556
3 0.404167 0.198889 0.071667 0.113333
3 0.300000 0.367778 0.066667 0.117778
2 0.269167 0.058889 0.035000 0.055556
0 0.142500 0.062222 0.048333 0.053333
1 0.106667 0.868889 0.076667 0.106667
4 0.210000 0.873333 0.076667 0.102222
3 0.307500 0.707778 0.078333 0.104444
3 0.398333 0.705556 0.070000 0.100000
6 0.601667 0.695556 0.073333 0.106667
9 0.600000 0.837778 0.100000 0.186667
2 0.501667 0.864444 0.086667 0.128889
14 0.930000 0.913333 0.133333 0.071111
10 0.931667 0.340000 0.083333 0.191111
10 0.944167 0.175556 0.108333 0.195556
7 0.589167 0.061111 0.045000 0.033333
15 0.805000 0.061111 0.070000 0.100000
18 0.596667 0.163333 0.090000 0.215556
7 0.500833 0.235556 0.111667 0.080000
9 0.599167 0.336667 0.098333 0.193333
5 0.500833 0.363333 0.085000 0.135556
12 0.350000 0.337778 0.023333 0.040000
3 0.399167 0.368889 0.075000 0.111111
1 0.309167 0.536667 0.071667 0.100000
12 0.357500 0.505556 0.025000 0.037778
3 0.405000 0.533333 0.073333 0.111111
12 0.623333 0.672222 0.030000 0.037778
1 0.207500 0.705556 0.075000 0.108889
4 0.106667 0.702222 0.076667 0.106667
4 0.101667 0.536667 0.073333 0.104444
3 0.200833 0.535556 0.078333 0.111111
4 0.211667 0.375556 0.076667 0.102222
3 0.208333 0.206667 0.073333 0.106667
1 0.205000 0.065556 0.036667 0.051111
13 0.026667 0.267778 0.053333 0.060000
13 0.027500 0.436667 0.051667 0.060000
13 0.026667 0.602222 0.053333 0.057778
13 0.027500 0.770000 0.051667 0.064444
13 0.025833 0.934444 0.048333 0.060000
