6 0.604167 0.700000 0.075000 0.115556
3 0.305833 0.203333 0.075000 0.117778
3 0.301667 0.701111 0.073333 0.117778
3 0.204167 0.202222 0.075000 0.115556
4 0.208333 0.872222 0.073333 0.108889
4 0.107500 0.371111 0.075000 0.111111
1 0.200000 0.703333 0.080000 0.113333
3 0.400833 0.370000 0.075000 0.117778
5 0.502500 0.365556 0.088333 0.131111
3 0.308333 0.370000 0.076667 0.113333
3 0.400833 0.535556 0.075000 0.120000
4 0.202500 0.368889 0.075000 0.115556
12 0.503333 0.508889 0.030000 0.040000
3 0.198333 0.536667 0.076667 0.113333
4 0.101667 0.542222 0.073333 0.097778
4 0.108333 0.705556 0.076667 0.108889
3 0.408333 0.704444 0.076667 0.111111
12 0.300000 0.672222 0.030000 0.037778
9 0.718333 0.061111 0.033333 0.064444
4 0.100833 0.207778 0.078333 0.104444
6 0.525833 0.058889 0.038333 0.060000
4 0.307500 0.870000 0.075000 0.113333
12 0.733333 0.172222 0.030000 0.042222
0 0.142500 0.063333 0.048333 0.055556
12 0.455833 0.671111 0.031667 0.040000
3 0.395000 0.207778 0.070000 0.104444
10 0.833333 0.180000 0.093333 0.191111
6 0.503333 0.206667 0.070000 0.102222
13 0.026667 0.602222 0.053333 0.062222
12 0.350000 0.677778 0.030000 0.040000
13 0.028333 0.437778 0.053333 0.062222
10 0.835000 0.511111 0.086667 0.200000
13 0.028333 0.268889 0.053333 0.062222
12 0.151667 0.173333 0.030000 0.040000
12 0.572500 0.337778 0.031667 0.040000
18 0.970000 0.658889 0.060000 0.228889
13 0.028333 0.771111 0.053333 0.062222
1 0.205833 0.067778 0.041667 0.051111
2 0.269167 0.057778 0.035000 0.057778
9 0.600000 0.338889 0.096667 0.188889
10 0.973333 0.345556 0.056667 0.193333
11 0.063333 0.056667 0.043333 0.055556
8 0.652500 0.062222 0.028333 0.066667
7 0.589167 0.063333 0.048333 0.042222
11 0.385833 0.135556 0.055000 0.075556
4 0.461667 0.066667 0.040000 0.053333
5 0.396667 0.060000 0.036667 0.057778
3 0.335000 0.063333 0.040000 0.060000
13 0.027500 0.937778 0.055000 0.062222
15 0.805833 0.061111 0.071667 0.104444
10 0.978333 0.173333 0.043333 0.191111
14 0.320833 0.918889 0.165000 0.051111
