10 0.830833 0.176667 0.088333 0.193333
13 0.027500 0.603333 0.055000 0.060000
13 0.026667 0.935556 0.053333 0.057778
13 0.029167 0.435556 0.051667 0.057778
13 0.026667 0.270000 0.053333 0.060000
12 0.295000 0.672222 0.030000 0.037778
12 0.403333 0.673333 0.030000 0.040000
9 0.600000 0.337778 0.096667 0.191111
9 0.718333 0.062222 0.033333 0.066667
8 0.653333 0.061111 0.030000 0.064444
7 0.589167 0.063333 0.048333 0.042222
7 0.501667 0.240000 0.116667 0.080000
6 0.604167 0.698889 0.075000 0.117778
6 0.502500 0.205556 0.075000 0.108889
5 0.501667 0.363333 0.080000 0.131111
4 0.105000 0.370000 0.076667 0.113333
4 0.203333 0.368889 0.076667 0.115556
4 0.202500 0.868889 0.078333 0.111111
4 0.304167 0.868889 0.075000 0.115556
4 0.101667 0.705556 0.076667 0.108889
4 0.102500 0.534444 0.075000 0.113333
3 0.203333 0.202222 0.073333 0.115556
3 0.304167 0.201111 0.078333 0.113333
3 0.397500 0.541111 0.075000 0.108889
3 0.207500 0.537778 0.075000 0.111111
3 0.302500 0.368889 0.075000 0.115556
3 0.409167 0.374444 0.075000 0.104444
3 0.335000 0.063333 0.040000 0.060000
3 0.308333 0.702222 0.070000 0.111111
3 0.408333 0.706667 0.076667 0.111111
1 0.199167 0.707778 0.085000 0.095556
1 0.205000 0.066667 0.040000 0.048889
0 0.142500 0.063333 0.048333 0.055556
15 0.805000 0.060000 0.073333 0.102222
6 0.527500 0.061111 0.038333 0.060000
4 0.462500 0.066667 0.038333 0.048889
5 0.395000 0.060000 0.036667 0.053333
2 0.269167 0.060000 0.038333 0.053333
4 0.103333 0.203333 0.073333 0.113333
11 0.070833 0.118889 0.081667 0.091111
11 0.062500 0.054444 0.041667 0.051111
11 0.760000 0.268889 0.076667 0.102222
12 0.660833 0.173333 0.031667 0.040000
10 0.765833 0.684444 0.105000 0.200000
13 0.027500 0.768889 0.055000 0.062222
