12 0.600000 0.507778 0.030000 0.037778
12 0.495000 0.508889 0.030000 0.040000
12 0.404167 0.508889 0.031667 0.040000
11 0.062500 0.054444 0.045000 0.055556
10 0.120000 0.173333 0.080000 0.200000
9 0.717500 0.061111 0.031667 0.060000
8 0.652500 0.061111 0.028333 0.064444
6 0.602500 0.696667 0.071667 0.113333
6 0.526667 0.058889 0.036667 0.060000
5 0.396667 0.061111 0.036667 0.055556
4 0.103333 0.370000 0.073333 0.113333
4 0.302500 0.868889 0.075000 0.111111
4 0.462500 0.065556 0.038333 0.051111
3 0.332500 0.063333 0.041667 0.060000
3 0.407500 0.702222 0.075000 0.111111
3 0.504167 0.534444 0.075000 0.117778
2 0.271667 0.058889 0.030000 0.055556
0 0.142500 0.064444 0.048333 0.053333
0 0.372500 0.861111 0.128333 0.117778
18 0.083333 0.155556 0.050000 0.222222
1 0.206667 0.068889 0.040000 0.053333
7 0.589167 0.063333 0.048333 0.042222
15 0.805833 0.061111 0.071667 0.100000
18 0.745000 0.155556 0.086667 0.226667
13 0.026667 0.268889 0.050000 0.062222
13 0.027500 0.434444 0.051667 0.064444
13 0.025833 0.602222 0.051667 0.062222
13 0.026667 0.767778 0.050000 0.060000
10 0.587500 0.172222 0.105000 0.180000
9 0.600000 0.337778 0.096667 0.186667
7 0.502500 0.398889 0.115000 0.095556
2 0.502500 0.358889 0.058333 0.131111
10 0.776667 0.510000 0.100000 0.188889
2 0.500833 0.857778 0.085000 0.142222
9 0.599167 0.836667 0.098333 0.188889
4 0.200833 0.875556 0.075000 0.093333
1 0.100833 0.867778 0.078333 0.113333
4 0.101667 0.541111 0.073333 0.100000
3 0.209167 0.540000 0.075000 0.102222
1 0.303333 0.533333 0.076667 0.115556
3 0.405000 0.537778 0.076667 0.115556
3 0.307500 0.703333 0.075000 0.108889
1 0.207500 0.705556 0.078333 0.104444
4 0.108333 0.703333 0.076667 0.104444
4 0.211667 0.374444 0.076667 0.104444
3 0.295833 0.373333 0.075000 0.106667
3 0.397500 0.370000 0.078333 0.108889
