3 0.504167 0.535556 0.078333 0.120000
4 0.101667 0.538889 0.076667 0.108889
3 0.204167 0.534444 0.075000 0.117778
4 0.100833 0.706667 0.075000 0.106667
3 0.404167 0.703333 0.075000 0.117778
3 0.404167 0.202222 0.075000 0.115556
4 0.100833 0.208889 0.078333 0.102222
3 0.306667 0.371111 0.076667 0.115556
2 0.502500 0.865556 0.085000 0.131111
3 0.302500 0.202222 0.075000 0.115556
4 0.101667 0.375556 0.076667 0.102222
4 0.205000 0.371111 0.076667 0.115556
4 0.306667 0.868889 0.066667 0.124444
3 0.400000 0.534444 0.076667 0.117778
3 0.401667 0.370000 0.073333 0.117778
6 0.600833 0.697778 0.075000 0.111111
4 0.202500 0.872222 0.061667 0.108889
3 0.305000 0.700000 0.073333 0.111111
12 0.216667 0.173333 0.030000 0.040000
3 0.199167 0.204444 0.075000 0.115556
9 0.718333 0.061111 0.033333 0.064444
12 0.235000 0.842222 0.030000 0.040000
12 0.718333 0.673333 0.030000 0.040000
12 0.836667 0.511111 0.030000 0.040000
5 0.500833 0.365556 0.088333 0.131111
6 0.526667 0.061111 0.036667 0.060000
1 0.208333 0.707778 0.080000 0.108889
9 0.600000 0.336667 0.096667 0.193333
1 0.301667 0.534444 0.080000 0.113333
12 0.373333 0.338889 0.030000 0.037778
0 0.142500 0.063333 0.048333 0.055556
1 0.107500 0.871111 0.078333 0.111111
9 0.599167 0.838889 0.098333 0.188889
5 0.397500 0.061111 0.035000 0.055556
12 0.431667 0.840000 0.030000 0.040000
12 0.575000 0.671111 0.030000 0.040000
18 0.941667 0.658889 0.110000 0.224444
3 0.335000 0.063333 0.040000 0.060000
13 0.027500 0.435556 0.055000 0.062222
13 0.028333 0.604444 0.053333 0.062222
18 0.595833 0.158889 0.095000 0.215556
13 0.027500 0.270000 0.055000 0.064444
6 0.504167 0.196667 0.075000 0.100000
18 0.953333 0.331111 0.093333 0.240000
2 0.269167 0.058889 0.035000 0.055556
13 0.027500 0.768889 0.055000 0.062222
1 0.205833 0.066667 0.041667 0.053333
8 0.652500 0.061111 0.028333 0.064444
10 0.954167 0.838889 0.095000 0.166667
7 0.501667 0.240000 0.116667 0.080000
4 0.460833 0.067778 0.038333 0.051111
19 0.824167 0.837778 0.068333 0.048889
15 0.805833 0.061111 0.071667 0.104444
12 0.608333 0.671111 0.030000 0.040000
11 0.070000 0.064444 0.073333 0.088889
19 0.883333 0.840000 0.053333 0.044444
19 0.732500 0.842222 0.058333 0.048889
13 0.027500 0.935556 0.055000 0.062222
14 0.784167 0.582222 0.135000 0.075556
14 0.741667 0.750000 0.133333 0.077778
11 0.283333 0.717778 0.076667 0.106667
7 0.589167 0.063333 0.048333 0.042222
