13 0.027500 0.268889 0.055000 0.062222
13 0.027500 0.768889 0.055000 0.062222
13 0.028333 0.602222 0.053333 0.062222
13 0.027500 0.435556 0.055000 0.062222
11 0.061667 0.053333 0.043333 0.062222
11 0.215000 0.566667 0.083333 0.088889
9 0.718333 0.061111 0.033333 0.064444
8 0.652500 0.061111 0.031667 0.064444
7 0.590000 0.063333 0.046667 0.042222
6 0.603333 0.700000 0.076667 0.115556
6 0.527500 0.060000 0.038333 0.062222
5 0.397500 0.060000 0.035000 0.057778
4 0.210833 0.874444 0.078333 0.104444
4 0.102500 0.708889 0.075000 0.102222
4 0.460833 0.066667 0.038333 0.048889
3 0.398333 0.872222 0.076667 0.108889
3 0.405833 0.371111 0.071667 0.115556
3 0.306667 0.705556 0.076667 0.108889
3 0.400000 0.703333 0.076667 0.113333
3 0.373333 0.135556 0.073333 0.115556
3 0.301667 0.368889 0.076667 0.115556
3 0.202500 0.201111 0.075000 0.117778
2 0.269167 0.058889 0.038333 0.055556
1 0.202500 0.702222 0.075000 0.115556
1 0.205833 0.066667 0.041667 0.048889
0 0.142500 0.063333 0.048333 0.055556
13 0.028333 0.935556 0.053333 0.062222
3 0.202500 0.533333 0.075000 0.111111
3 0.333333 0.062222 0.040000 0.062222
15 0.805000 0.057778 0.073333 0.102222
