3 0.407500 0.702222 0.071667 0.115556
3 0.506667 0.534444 0.073333 0.117778
6 0.602500 0.696667 0.075000 0.108889
4 0.305833 0.867778 0.075000 0.113333
2 0.502500 0.860000 0.088333 0.137778
4 0.110000 0.706667 0.076667 0.106667
3 0.402500 0.535556 0.075000 0.120000
4 0.211667 0.874444 0.076667 0.104444
4 0.211667 0.376667 0.076667 0.108889
4 0.103333 0.536667 0.073333 0.113333
3 0.202500 0.535556 0.075000 0.120000
4 0.104167 0.373333 0.081667 0.106667
1 0.299167 0.537778 0.078333 0.111111
7 0.501667 0.393333 0.106667 0.102222
3 0.302500 0.701111 0.075000 0.117778
3 0.198333 0.204444 0.073333 0.106667
3 0.297500 0.205556 0.075000 0.104444
12 0.475833 0.506667 0.031667 0.040000
2 0.503333 0.350000 0.056667 0.126667
3 0.298333 0.371111 0.076667 0.111111
12 0.585000 0.508889 0.030000 0.040000
12 0.376667 0.678889 0.030000 0.037778
3 0.397500 0.370000 0.075000 0.108889
3 0.397500 0.203333 0.075000 0.113333
9 0.718333 0.061111 0.033333 0.064444
4 0.100833 0.212222 0.075000 0.095556
1 0.098333 0.876667 0.080000 0.100000
6 0.527500 0.061111 0.038333 0.060000
2 0.270000 0.060000 0.033333 0.057778
0 0.143333 0.063333 0.046667 0.055556
12 0.640000 0.672222 0.030000 0.042222
12 0.483333 0.672222 0.030000 0.042222
1 0.201667 0.701111 0.080000 0.117778
5 0.397500 0.058889 0.035000 0.055556
9 0.600833 0.838889 0.098333 0.188889
18 0.917500 0.492222 0.085000 0.224444
13 0.028333 0.604444 0.053333 0.062222
14 0.916667 0.717778 0.073333 0.106667
3 0.335000 0.063333 0.040000 0.060000
13 0.027500 0.436667 0.051667 0.064444
18 0.589167 0.151111 0.088333 0.208889
13 0.027500 0.270000 0.055000 0.064444
18 0.865000 0.326667 0.073333 0.213333
12 0.170000 0.340000 0.030000 0.040000
13 0.028333 0.771111 0.053333 0.062222
10 0.498333 0.178889 0.093333 0.193333
8 0.652500 0.061111 0.028333 0.064444
0 0.370000 0.858889 0.130000 0.135556
11 0.065000 0.054444 0.046667 0.060000
1 0.205833 0.065556 0.041667 0.046667
19 0.748333 0.336667 0.063333 0.042222
15 0.805833 0.060000 0.071667 0.102222
19 0.723333 0.836667 0.056667 0.042222
14 0.882500 0.916667 0.205000 0.051111
19 0.851667 0.837778 0.066667 0.044444
13 0.027500 0.937778 0.055000 0.062222
4 0.462500 0.066667 0.038333 0.048889
19 0.964167 0.842222 0.061667 0.048889
17 0.972500 0.765556 0.051667 0.077778
6 0.599167 0.335556 0.098333 0.191111
18 0.507500 0.161111 0.075000 0.220000
