17 0.993333 0.111111 0.013333 0.062222
10 0.984167 0.496667 0.028333 0.184444
6 0.603333 0.698889 0.073333 0.113333
3 0.397500 0.368889 0.075000 0.111111
3 0.399167 0.702222 0.075000 0.111111
3 0.405000 0.867778 0.076667 0.113333
3 0.297500 0.202222 0.075000 0.111111
3 0.302500 0.368889 0.071667 0.115556
3 0.206667 0.537778 0.076667 0.106667
3 0.310000 0.707778 0.076667 0.104444
1 0.197500 0.706667 0.078333 0.102222
4 0.200833 0.875556 0.075000 0.097778
3 0.195833 0.204444 0.075000 0.102222
4 0.132500 0.507778 0.078333 0.091111
4 0.095000 0.544444 0.070000 0.088889
4 0.109167 0.705556 0.075000 0.104444
13 0.027500 0.266667 0.048333 0.062222
13 0.027500 0.433333 0.051667 0.062222
13 0.026667 0.603333 0.050000 0.064444
13 0.027500 0.766667 0.051667 0.057778
13 0.026667 0.933333 0.053333 0.062222
11 0.062500 0.055556 0.045000 0.057778
0 0.142500 0.062222 0.048333 0.053333
1 0.205000 0.066667 0.043333 0.048889
2 0.269167 0.061111 0.035000 0.051111
3 0.334167 0.061111 0.045000 0.055556
5 0.396667 0.061111 0.036667 0.051111
4 0.460833 0.065556 0.041667 0.051111
6 0.526667 0.060000 0.036667 0.057778
7 0.589167 0.062222 0.048333 0.044444
8 0.652500 0.061111 0.028333 0.064444
9 0.718333 0.061111 0.033333 0.064444
15 0.805000 0.063333 0.066667 0.100000
