4 0.110000 0.205556 0.076667 0.100000
3 0.196667 0.201111 0.076667 0.113333
3 0.301667 0.202222 0.073333 0.111111
3 0.404167 0.202222 0.075000 0.111111
6 0.502500 0.193333 0.075000 0.084444
7 0.502500 0.232222 0.108333 0.082222
4 0.109167 0.372222 0.078333 0.104444
4 0.197500 0.371111 0.071667 0.102222
12 0.249167 0.338889 0.028333 0.042222
3 0.305833 0.366667 0.078333 0.111111
3 0.399167 0.368889 0.075000 0.115556
5 0.500833 0.361111 0.081667 0.135556
9 0.599167 0.333333 0.095000 0.191111
8 0.648333 0.056667 0.023333 0.051111
9 0.717500 0.060000 0.031667 0.057778
7 0.588333 0.062222 0.046667 0.044444
6 0.525833 0.058889 0.038333 0.060000
4 0.460833 0.064444 0.038333 0.053333
5 0.395833 0.061111 0.038333 0.051111
3 0.332500 0.060000 0.038333 0.057778
2 0.270000 0.060000 0.030000 0.053333
1 0.205000 0.063333 0.040000 0.051111
0 0.142500 0.063333 0.048333 0.055556
11 0.062500 0.056667 0.041667 0.051111
13 0.027500 0.267778 0.055000 0.060000
13 0.027500 0.432222 0.051667 0.060000
13 0.025833 0.603333 0.051667 0.064444
13 0.028333 0.766667 0.046667 0.062222
13 0.026667 0.932222 0.053333 0.060000
11 0.164167 0.544444 0.071667 0.097778
12 0.482500 0.675556 0.028333 0.040000
12 0.638333 0.511111 0.030000 0.035556
12 0.715833 0.512222 0.028333 0.037778
12 0.811667 0.338889 0.026667 0.037778
12 0.841667 0.343333 0.030000 0.037778
12 0.819167 0.504444 0.028333 0.040000
3 0.205000 0.535556 0.066667 0.115556
4 0.101667 0.533333 0.063333 0.115556
1 0.305000 0.535556 0.076667 0.111111
3 0.402500 0.532222 0.075000 0.113333
3 0.503333 0.534444 0.073333 0.108889
4 0.100833 0.704444 0.078333 0.102222
1 0.205833 0.702222 0.075000 0.111111
3 0.294167 0.705556 0.078333 0.100000
3 0.403333 0.701111 0.076667 0.113333
12 0.385833 0.673333 0.028333 0.035556
4 0.207500 0.868889 0.075000 0.111111
4 0.300833 0.874444 0.075000 0.100000
2 0.504167 0.861111 0.081667 0.135556
10 0.921667 0.342222 0.090000 0.182222
6 0.600833 0.697778 0.075000 0.102222
9 0.601667 0.835556 0.096667 0.191111
18 0.885000 0.661111 0.076667 0.220000
18 0.915000 0.501111 0.083333 0.215556
18 0.677500 0.158889 0.091667 0.233333
