6 0.602500 0.696667 0.075000 0.108889
4 0.202500 0.872222 0.075000 0.108889
4 0.201667 0.371111 0.076667 0.111111
4 0.106667 0.368889 0.076667 0.115556
4 0.105833 0.536667 0.078333 0.117778
3 0.305833 0.705556 0.075000 0.113333
12 0.440833 0.840000 0.031667 0.040000
3 0.302500 0.368889 0.075000 0.115556
3 0.508333 0.540000 0.076667 0.106667
2 0.502500 0.862222 0.085000 0.133333
4 0.300000 0.873333 0.076667 0.106667
1 0.200000 0.703333 0.083333 0.113333
3 0.405000 0.203333 0.076667 0.113333
3 0.400833 0.370000 0.075000 0.117778
9 0.718333 0.061111 0.033333 0.064444
3 0.299167 0.204444 0.075000 0.111111
3 0.403333 0.527778 0.073333 0.104444
12 0.389167 0.846667 0.031667 0.040000
3 0.202500 0.205556 0.075000 0.108889
3 0.195833 0.541111 0.075000 0.104444
4 0.102500 0.702222 0.071667 0.111111
3 0.396667 0.707778 0.076667 0.108889
12 0.609167 0.507778 0.031667 0.042222
4 0.107500 0.203333 0.075000 0.113333
12 0.306667 0.673333 0.030000 0.040000
6 0.525833 0.060000 0.038333 0.062222
12 0.508333 0.508889 0.030000 0.040000
0 0.143333 0.063333 0.046667 0.055556
12 0.508333 0.171111 0.030000 0.040000
2 0.270833 0.057778 0.035000 0.057778
1 0.100000 0.868889 0.080000 0.115556
5 0.500833 0.366667 0.088333 0.133333
12 0.418333 0.677778 0.030000 0.040000
7 0.502500 0.240000 0.108333 0.084444
1 0.301667 0.533333 0.080000 0.115556
5 0.396667 0.061111 0.036667 0.055556
3 0.334167 0.063333 0.041667 0.060000
9 0.600000 0.838889 0.096667 0.193333
10 0.733333 0.344444 0.090000 0.191111
13 0.028333 0.604444 0.053333 0.062222
13 0.028333 0.435556 0.053333 0.062222
13 0.028333 0.268889 0.053333 0.062222
12 0.341667 0.844444 0.030000 0.040000
18 0.589167 0.162222 0.105000 0.217778
11 0.406667 0.561111 0.093333 0.122222
12 0.568333 0.337778 0.030000 0.040000
12 0.482500 0.504444 0.028333 0.040000
11 0.210833 0.132222 0.081667 0.104444
13 0.028333 0.770000 0.053333 0.064444
1 0.205833 0.066667 0.041667 0.048889
12 0.602500 0.341111 0.031667 0.042222
11 0.063333 0.056667 0.043333 0.055556
8 0.652500 0.061111 0.028333 0.064444
19 0.901667 0.841111 0.060000 0.042222
10 0.968333 0.177778 0.063333 0.191111
10 0.970833 0.502222 0.058333 0.182222
4 0.461667 0.067778 0.040000 0.051111
10 0.963333 0.338889 0.073333 0.171111
7 0.589167 0.062222 0.048333 0.040000
15 0.805833 0.061111 0.071667 0.104444
13 0.028333 0.937778 0.053333 0.062222
6 0.501667 0.202222 0.073333 0.111111
17 0.801667 0.721111 0.063333 0.077778
10 0.977500 0.681111 0.045000 0.197778
6 0.600000 0.338889 0.100000 0.188889
14 0.741667 0.700000 0.066667 0.151111
17 0.965833 0.904444 0.055000 0.066667
14 0.953333 0.868889 0.053333 0.080000
