18 0.589167 0.832222 0.088333 0.224444
13 0.027500 0.767778 0.055000 0.064444
12 0.449167 0.346667 0.028333 0.040000
11 0.060833 0.052222 0.045000 0.055556
10 0.725000 0.341111 0.100000 0.197778
9 0.718333 0.060000 0.033333 0.071111
5 0.396667 0.058889 0.036667 0.060000
4 0.461667 0.067778 0.040000 0.051111
4 0.205000 0.367778 0.076667 0.113333
4 0.100000 0.711111 0.076667 0.102222
4 0.207500 0.867778 0.078333 0.108889
3 0.334167 0.061111 0.041667 0.055556
3 0.298333 0.368889 0.076667 0.111111
3 0.200000 0.534444 0.076667 0.117778
3 0.203333 0.201111 0.076667 0.117778
3 0.402500 0.365556 0.071667 0.113333
3 0.301667 0.702222 0.076667 0.115556
3 0.399167 0.220000 0.071667 0.080000
3 0.405833 0.702222 0.075000 0.115556
3 0.404167 0.867778 0.078333 0.117778
2 0.269167 0.058889 0.035000 0.055556
0 0.142500 0.063333 0.048333 0.055556
1 0.205000 0.064444 0.040000 0.048889
4 0.101667 0.543333 0.073333 0.104444
4 0.105833 0.368889 0.075000 0.115556
5 0.498333 0.363333 0.080000 0.135556
5 0.600000 0.337778 0.096667 0.191111
12 0.568333 0.344444 0.026667 0.035556
6 0.604167 0.701111 0.075000 0.113333
4 0.108333 0.205556 0.076667 0.108889
8 0.653333 0.062222 0.030000 0.062222
15 0.805000 0.061111 0.070000 0.100000
6 0.527500 0.058889 0.038333 0.064444
7 0.588333 0.062222 0.050000 0.044444
13 0.028333 0.266667 0.053333 0.062222
13 0.026667 0.434444 0.053333 0.064444
13 0.027500 0.602222 0.051667 0.062222
13 0.026667 0.934444 0.050000 0.060000
1 0.202500 0.700000 0.078333 0.111111
3 0.307500 0.207778 0.075000 0.104444
6 0.500000 0.198889 0.073333 0.108889
10 0.550000 0.166667 0.086667 0.164444
