4 0.207500 0.868889 0.078333 0.111111
13 0.027500 0.937778 0.055000 0.062222
3 0.205833 0.203333 0.075000 0.113333
13 0.028333 0.270000 0.053333 0.064444
13 0.028333 0.603333 0.053333 0.060000
3 0.305000 0.367778 0.076667 0.117778
13 0.028333 0.437778 0.053333 0.062222
13 0.028333 0.771111 0.053333 0.062222
3 0.408333 0.873333 0.073333 0.111111
4 0.462500 0.067778 0.038333 0.051111
3 0.396667 0.705556 0.073333 0.108889
4 0.105000 0.701111 0.076667 0.113333
6 0.526667 0.061111 0.040000 0.060000
0 0.143333 0.063333 0.046667 0.055556
3 0.200833 0.535556 0.075000 0.115556
3 0.334167 0.063333 0.041667 0.060000
5 0.396667 0.060000 0.036667 0.057778
1 0.210000 0.710000 0.083333 0.108889
2 0.270000 0.057778 0.033333 0.057778
9 0.718333 0.061111 0.033333 0.064444
1 0.205000 0.066667 0.040000 0.053333
12 0.305833 0.678889 0.031667 0.042222
8 0.652500 0.061111 0.028333 0.064444
18 0.726667 0.663333 0.090000 0.224444
15 0.805000 0.061111 0.070000 0.104444
12 0.266667 0.675556 0.030000 0.040000
3 0.304167 0.700000 0.075000 0.115556
7 0.590000 0.063333 0.046667 0.042222
11 0.063333 0.055556 0.043333 0.057778
