11 0.179167 0.130000 0.061667 0.068889
11 0.370833 0.395556 0.065000 0.102222
11 0.062500 0.054444 0.038333 0.055556
0 0.140833 0.062222 0.048333 0.053333
1 0.205000 0.064444 0.040000 0.048889
2 0.269167 0.058889 0.035000 0.051111
3 0.334167 0.061111 0.038333 0.055556
5 0.397500 0.057778 0.035000 0.053333
4 0.460833 0.064444 0.038333 0.048889
6 0.525833 0.061111 0.038333 0.055556
7 0.588333 0.063333 0.050000 0.042222
8 0.650833 0.060000 0.028333 0.062222
9 0.717500 0.062222 0.031667 0.062222
15 0.805833 0.061111 0.071667 0.095556
3 0.405833 0.365556 0.071667 0.104444
5 0.500833 0.362222 0.081667 0.133333
6 0.503333 0.193333 0.070000 0.084444
7 0.501667 0.235556 0.106667 0.080000
9 0.600000 0.336667 0.100000 0.188889
6 0.602500 0.695556 0.075000 0.111111
9 0.598333 0.836667 0.096667 0.193333
2 0.475000 0.790000 0.080000 0.140000
3 0.407500 0.707778 0.075000 0.100000
3 0.403333 0.535556 0.060000 0.115556
3 0.305000 0.367778 0.076667 0.113333
4 0.108333 0.537778 0.076667 0.106667
4 0.110000 0.371111 0.073333 0.106667
4 0.208333 0.371111 0.076667 0.106667
3 0.208333 0.202222 0.073333 0.111111
3 0.301667 0.202222 0.073333 0.115556
3 0.398333 0.201111 0.073333 0.113333
4 0.105000 0.202222 0.076667 0.111111
13 0.026667 0.267778 0.053333 0.064444
13 0.026667 0.434444 0.053333 0.064444
13 0.027500 0.601111 0.051667 0.064444
13 0.028333 0.767778 0.053333 0.055556
13 0.027500 0.934444 0.051667 0.060000
4 0.103333 0.701111 0.076667 0.113333
1 0.201667 0.701111 0.076667 0.113333
3 0.298333 0.698889 0.076667 0.113333
4 0.301667 0.870000 0.073333 0.113333
4 0.207500 0.871111 0.078333 0.111111
