18 0.872500 0.495556 0.088333 0.226667
18 0.873333 0.160000 0.090000 0.235556
13 0.028333 0.603333 0.053333 0.060000
13 0.028333 0.435556 0.053333 0.062222
13 0.027500 0.270000 0.055000 0.064444
12 0.807500 0.508889 0.031667 0.040000
12 0.703333 0.671111 0.030000 0.040000
11 0.062500 0.055556 0.045000 0.057778
9 0.718333 0.063333 0.033333 0.064444
7 0.589167 0.063333 0.048333 0.042222
6 0.505833 0.202222 0.071667 0.106667
4 0.106667 0.703333 0.076667 0.117778
4 0.103333 0.366667 0.076667 0.111111
4 0.200000 0.377778 0.076667 0.097778
4 0.105000 0.532222 0.063333 0.122222
4 0.206667 0.867778 0.073333 0.113333
3 0.305833 0.372222 0.078333 0.113333
3 0.505833 0.534444 0.071667 0.113333
3 0.201667 0.200000 0.076667 0.115556
3 0.304167 0.202222 0.075000 0.115556
3 0.404167 0.368889 0.075000 0.115556
3 0.397500 0.208889 0.075000 0.102222
3 0.208333 0.542222 0.076667 0.111111
3 0.335000 0.063333 0.040000 0.060000
2 0.502500 0.865556 0.088333 0.131111
1 0.106667 0.870000 0.080000 0.108889
1 0.210000 0.708889 0.080000 0.106667
1 0.205000 0.066667 0.040000 0.048889
0 0.142500 0.063333 0.048333 0.055556
12 0.708333 0.504444 0.030000 0.040000
6 0.604167 0.696667 0.075000 0.108889
12 0.595000 0.672222 0.030000 0.037778
4 0.310000 0.874444 0.076667 0.100000
0 0.370833 0.850000 0.128333 0.140000
3 0.402500 0.702222 0.075000 0.115556
3 0.305000 0.704444 0.073333 0.106667
12 0.325833 0.678889 0.028333 0.037778
11 0.288333 0.644444 0.066667 0.102222
13 0.027500 0.771111 0.055000 0.062222
13 0.027500 0.935556 0.055000 0.062222
19 0.852500 0.840000 0.058333 0.048889
19 0.950000 0.841111 0.060000 0.042222
14 0.928333 0.916667 0.133333 0.073333
10 0.630000 0.175556 0.070000 0.186667
18 0.662500 0.154444 0.068333 0.220000
8 0.652500 0.062222 0.028333 0.062222
3 0.504167 0.533333 0.071667 0.115556
2 0.502500 0.365556 0.085000 0.126667
14 0.507500 0.248889 0.135000 0.066667
6 0.526667 0.058889 0.040000 0.060000
4 0.462500 0.066667 0.038333 0.053333
5 0.396667 0.061111 0.036667 0.055556
2 0.269167 0.060000 0.035000 0.053333
12 0.208333 0.171111 0.030000 0.035556
4 0.107500 0.205556 0.078333 0.113333
1 0.303333 0.535556 0.070000 0.115556
3 0.395833 0.544444 0.075000 0.102222
15 0.805000 0.061111 0.070000 0.104444
18 0.945833 0.662222 0.081667 0.222222
